Aluno: Erick Cordeiro Kollross  GRR:20124195
Programa criado para diciplica de trnasferência de Calor e massa via Python-Trabalho 3
Dado que as temperaturas são dadas por T=A**-1*Ct
Nossa matriz 'A' é: 
[[-4  1  0  0  0  1  0  0  0  0  0  0  0  0  0]
 [ 1 -4  1  0  0  0  1  0  0  0  0  0  0  0  0]
 [ 0  1 -4  1  0  0  0  1  0  0  0  0  0  0  0]
 [ 0  0  1 -4  1  0  0  0  1  0  0  0  0  0  0]
 [ 0  0  0  1 -4  0  0  0  0  1  0  0  0  0  0]
 [ 1  0  0  0  0 -4  1  0  0  0  1  0  0  0  0]
 [ 0  1  0  0  0  1 -4  1  0  0  0  1  0  0  0]
 [ 0  0  1  0  0  0  1 -4  1  0  0  0  1  0  0]
 [ 0  0  0  1  0  0  0  1 -4  1  0  0  0  1  0]
 [ 0  0  0  0  1  0  0  0  1 -4  0  0  0  0  1]
 [ 0  0  0  0  0  2  0  0  0  0 -4  1  0  0  0]
 [ 0  0  0  0  0  0  2  0  0  0  1 -4  1  0  0]
 [ 0  0  0  0  0  0  0  2  0  0  0  1 -4  1  0]
 [ 0  0  0  0  0  0  0  0  2  0  0  0  1 -4  1]
 [ 0  0  0  0  0  0  0  0  0  2  0  0  0  1 -4]]

A inversa da nossa matriz 'A' é: 
[[-0.3081488  -0.11225719 -0.04807692 -0.0223582  -0.0091589  -0.120338
  -0.09280303 -0.05769231 -0.03219697 -0.01427739 -0.04020008 -0.04046232
  -0.02884615 -0.01722999 -0.00787685]
 [-0.11225719 -0.35622572 -0.13461538 -0.05723582 -0.0223582  -0.09280303
  -0.1780303  -0.125      -0.0719697  -0.03219697 -0.04046232 -0.06904623
  -0.05769231 -0.036723   -0.01722999]
 [-0.04807692 -0.13461538 -0.36538462 -0.13461538 -0.04807692 -0.05769231
  -0.125      -0.19230769 -0.125      -0.05769231 -0.02884615 -0.05769231
  -0.07692308 -0.05769231 -0.02884615]
 [-0.0223582  -0.05723582 -0.13461538 -0.35622572 -0.11225719 -0.03219697
  -0.0719697  -0.125      -0.1780303  -0.09280303 -0.01722999 -0.036723
  -0.05769231 -0.06904623 -0.04046232]
 [-0.0091589  -0.0223582  -0.04807692 -0.11225719 -0.3081488  -0.01427739
  -0.03219697 -0.05769231 -0.09280303 -0.120338   -0.00787685 -0.01722999
  -0.02884615 -0.04046232 -0.04020008]
 [-0.120338   -0.09280303 -0.05769231 -0.03219697 -0.01427739 -0.38854895
  -0.19318182 -0.10576923 -0.05681818 -0.02491259 -0.120338   -0.09280303
  -0.05769231 -0.03219697 -0.01427739]
 [-0.09280303 -0.1780303  -0.125      -0.0719697  -0.03219697 -0.19318182
  -0.49431818 -0.25       -0.13068182 -0.05681818 -0.09280303 -0.1780303
  -0.125      -0.0719697  -0.03219697]
 [-0.05769231 -0.125      -0.19230769 -0.125      -0.05769231 -0.10576923
  -0.25       -0.51923077 -0.25       -0.10576923 -0.05769231 -0.125
  -0.19230769 -0.125      -0.05769231]
 [-0.03219697 -0.0719697  -0.125      -0.1780303  -0.09280303 -0.05681818
  -0.13068182 -0.25       -0.49431818 -0.19318182 -0.03219697 -0.0719697
  -0.125      -0.1780303  -0.09280303]
 [-0.01427739 -0.03219697 -0.05769231 -0.09280303 -0.120338   -0.02491259
  -0.05681818 -0.10576923 -0.19318182 -0.38854895 -0.01427739 -0.03219697
  -0.05769231 -0.09280303 -0.120338  ]
 [-0.08040016 -0.08092463 -0.05769231 -0.03445998 -0.01575369 -0.24067599
  -0.18560606 -0.11538462 -0.06439394 -0.02855478 -0.34834887 -0.1527195
  -0.07692308 -0.03958819 -0.01703574]
 [-0.08092463 -0.13809246 -0.11538462 -0.073446   -0.03445998 -0.18560606
  -0.35606061 -0.25       -0.14393939 -0.06439394 -0.1527195  -0.42527195
  -0.19230769 -0.09395882 -0.03958819]
 [-0.05769231 -0.11538462 -0.15384615 -0.11538462 -0.05769231 -0.11538462
  -0.25       -0.38461538 -0.25       -0.11538462 -0.07692308 -0.19230769
  -0.44230769 -0.19230769 -0.07692308]
 [-0.03445998 -0.073446   -0.11538462 -0.13809246 -0.08092463 -0.06439394
  -0.14393939 -0.25       -0.35606061 -0.18560606 -0.03958819 -0.09395882
  -0.19230769 -0.42527195 -0.1527195 ]
 [-0.01575369 -0.03445998 -0.05769231 -0.08092463 -0.08040016 -0.02855478
  -0.06439394 -0.11538462 -0.18560606 -0.24067599 -0.01703574 -0.03958819
  -0.07692308 -0.1527195  -0.34834887]]

Nossa matriz 'Ct' é:
[[-1]
 [ 0]
 [ 0]
 [ 0]
 [ 0]
 [-1]
 [ 0]
 [ 0]
 [ 0]
 [ 0]
 [-1]
 [ 0]
 [ 0]
 [ 0]
 [ 0]]

A matriz das temperaturas é:
[[ 0.46868687]
 [ 0.24552253]
 [ 0.13461538]
 [ 0.07178516]
 [ 0.03131313]
 [ 0.62922494]
 [ 0.37878788]
 [ 0.22115385]
 [ 0.12121212]
 [ 0.05346737]
 [ 0.66942502]
 [ 0.41925019]
 [ 0.25      ]
 [ 0.13844211]
 [ 0.06134421]]

Os valores das temperaturas correspondentes são:
0.4686868686868687
0.245522533022533
0.13461538461538458
0.07178515928515927
0.0313131313131313
0.6292249417249417
0.3787878787878787
0.2211538461538461
0.12121212121212117
0.05346736596736595
0.6694250194250194
0.41925019425019416
0.24999999999999994
0.1384421134421134
0.06134421134421134
O quatidade de calor que sai da malha é:  2.13475135975136 W/m
O quatidade de calor que entra malha é:   2.13475135975136 W/m
O erro da analítica para a numérica é:  0.0

%run "C:/Users/Samsung/Desktop/Trabalhos de trans.cal/Trabalho - 3.py"
Aluno: Erick Cordeiro Kollross  GRR:20124195
Programa criado para diciplica de trnasferência de Calor e massa via Python-Trabalho 3
Dado que as temperaturas são dadas por T=A**-1*Ct
Nossa matriz 'A' é: 
[[-4  1  0  0  0  1  0  0  0  0  0  0  0  0  0]
 [ 1 -4  1  0  0  0  1  0  0  0  0  0  0  0  0]
 [ 0  1 -4  1  0  0  0  1  0  0  0  0  0  0  0]
 [ 0  0  1 -4  1  0  0  0  1  0  0  0  0  0  0]
 [ 0  0  0  1 -4  0  0  0  0  1  0  0  0  0  0]
 [ 1  0  0  0  0 -4  1  0  0  0  1  0  0  0  0]
 [ 0  1  0  0  0  1 -4  1  0  0  0  1  0  0  0]
 [ 0  0  1  0  0  0  1 -4  1  0  0  0  1  0  0]
 [ 0  0  0  1  0  0  0  1 -4  1  0  0  0  1  0]
 [ 0  0  0  0  1  0  0  0  1 -4  0  0  0  0  1]
 [ 0  0  0  0  0  2  0  0  0  0 -4  1  0  0  0]
 [ 0  0  0  0  0  0  2  0  0  0  1 -4  1  0  0]
 [ 0  0  0  0  0  0  0  2  0  0  0  1 -4  1  0]
 [ 0  0  0  0  0  0  0  0  2  0  0  0  1 -4  1]
 [ 0  0  0  0  0  0  0  0  0  2  0  0  0  1 -4]]

A inversa da nossa matriz 'A' é: 
[[-0.3081488  -0.11225719 -0.04807692 -0.0223582  -0.0091589  -0.120338
  -0.09280303 -0.05769231 -0.03219697 -0.01427739 -0.04020008 -0.04046232
  -0.02884615 -0.01722999 -0.00787685]
 [-0.11225719 -0.35622572 -0.13461538 -0.05723582 -0.0223582  -0.09280303
  -0.1780303  -0.125      -0.0719697  -0.03219697 -0.04046232 -0.06904623
  -0.05769231 -0.036723   -0.01722999]
 [-0.04807692 -0.13461538 -0.36538462 -0.13461538 -0.04807692 -0.05769231
  -0.125      -0.19230769 -0.125      -0.05769231 -0.02884615 -0.05769231
  -0.07692308 -0.05769231 -0.02884615]
 [-0.0223582  -0.05723582 -0.13461538 -0.35622572 -0.11225719 -0.03219697
  -0.0719697  -0.125      -0.1780303  -0.09280303 -0.01722999 -0.036723
  -0.05769231 -0.06904623 -0.04046232]
 [-0.0091589  -0.0223582  -0.04807692 -0.11225719 -0.3081488  -0.01427739
  -0.03219697 -0.05769231 -0.09280303 -0.120338   -0.00787685 -0.01722999
  -0.02884615 -0.04046232 -0.04020008]
 [-0.120338   -0.09280303 -0.05769231 -0.03219697 -0.01427739 -0.38854895
  -0.19318182 -0.10576923 -0.05681818 -0.02491259 -0.120338   -0.09280303
  -0.05769231 -0.03219697 -0.01427739]
 [-0.09280303 -0.1780303  -0.125      -0.0719697  -0.03219697 -0.19318182
  -0.49431818 -0.25       -0.13068182 -0.05681818 -0.09280303 -0.1780303
  -0.125      -0.0719697  -0.03219697]
 [-0.05769231 -0.125      -0.19230769 -0.125      -0.05769231 -0.10576923
  -0.25       -0.51923077 -0.25       -0.10576923 -0.05769231 -0.125
  -0.19230769 -0.125      -0.05769231]
 [-0.03219697 -0.0719697  -0.125      -0.1780303  -0.09280303 -0.05681818
  -0.13068182 -0.25       -0.49431818 -0.19318182 -0.03219697 -0.0719697
  -0.125      -0.1780303  -0.09280303]
 [-0.01427739 -0.03219697 -0.05769231 -0.09280303 -0.120338   -0.02491259
  -0.05681818 -0.10576923 -0.19318182 -0.38854895 -0.01427739 -0.03219697
  -0.05769231 -0.09280303 -0.120338  ]
 [-0.08040016 -0.08092463 -0.05769231 -0.03445998 -0.01575369 -0.24067599
  -0.18560606 -0.11538462 -0.06439394 -0.02855478 -0.34834887 -0.1527195
  -0.07692308 -0.03958819 -0.01703574]
 [-0.08092463 -0.13809246 -0.11538462 -0.073446   -0.03445998 -0.18560606
  -0.35606061 -0.25       -0.14393939 -0.06439394 -0.1527195  -0.42527195
  -0.19230769 -0.09395882 -0.03958819]
 [-0.05769231 -0.11538462 -0.15384615 -0.11538462 -0.05769231 -0.11538462
  -0.25       -0.38461538 -0.25       -0.11538462 -0.07692308 -0.19230769
  -0.44230769 -0.19230769 -0.07692308]
 [-0.03445998 -0.073446   -0.11538462 -0.13809246 -0.08092463 -0.06439394
  -0.14393939 -0.25       -0.35606061 -0.18560606 -0.03958819 -0.09395882
  -0.19230769 -0.42527195 -0.1527195 ]
 [-0.01575369 -0.03445998 -0.05769231 -0.08092463 -0.08040016 -0.02855478
  -0.06439394 -0.11538462 -0.18560606 -0.24067599 -0.01703574 -0.03958819
  -0.07692308 -0.1527195  -0.34834887]]

Nossa matriz 'Ct' é:
[[-1]
 [ 0]
 [ 0]
 [ 0]
 [ 0]
 [-1]
 [ 0]
 [ 0]
 [ 0]
 [ 0]
 [-1]
 [ 0]
 [ 0]
 [ 0]
 [ 0]]

A matriz das temperaturas é:
[[ 0.46868687]
 [ 0.24552253]
 [ 0.13461538]
 [ 0.07178516]
 [ 0.03131313]
 [ 0.62922494]
 [ 0.37878788]
 [ 0.22115385]
 [ 0.12121212]
 [ 0.05346737]
 [ 0.66942502]
 [ 0.41925019]
 [ 0.25      ]
 [ 0.13844211]
 [ 0.06134421]]

Os valores das temperaturas correspondentes são:
0.4686868686868687
0.245522533022533
0.13461538461538458
0.07178515928515927
0.0313131313131313
0.6292249417249417
0.3787878787878787
0.2211538461538461
0.12121212121212117
0.05346736596736595
0.6694250194250194
0.41925019425019416
0.24999999999999994
0.1384421134421134
0.06134421134421134
O quatidade de calor que sai da malha é:  2.13475135975136 W/m
O quatidade de calor que entra malha é:   2.13475135975136 W/m
O erro da analítica para a numérica é:  0.0